2108.10041
2205.12305
2403.08620
2405.06883
2408.15153
2412.00439
2503.07548
2504.15195
2505.01773
2507.13649
2509.07508
2510.04663
2510.13679
2601.13127
2601.18526
2602.01112
2602.05509
2602.07420
2602.11002
2603.10312
2603.19052
2603.22194
2603.23033
2603.23467
2603.27964
2604.02679
2604.04682
2604.05369
2604.05981
2604.09027
2604.11220
2604.16215
2604.19225
2604.22246
2604.22419
2604.23180
2604.24106
2604.24400
2604.26425
2604.27229
2604.27423
2604.28085
2605.03115
2605.05582
2605.08796
2605.09847
2605.09898
2605.11731
2605.13157
2605.18065
2605.18089
2605.19923
2605.20754
2605.21137
2605.22402
2605.24303
2605.24323
2605.25213
2605.25776
2605.26443
2605.27961
2605.28140
2605.29147
2605.29258
2605.30063
2606.02401
2606.02816
2606.03039
2606.03424
2606.06778
2606.08185
2606.08224
2606.12878
2606.13569
2606.15102
2606.15533
2606.16275
2606.17402
2606.17505
2606.19806
2606.20307
2606.21062
2606.21073
2606.23203
2606.23333
2606.24508
2606.25110
2606.27724
2606.27851
2607.01402
2607.04376
2607.07054
2607.09021
2607.09622
2607.15102
2607.23878
2607.24444
2607.24986
2607.25230
2607.29669
2608.01198
2608.01330
2608.01519
2608.01859
2608.01893
2608.02413
2608.02875
2608.03258
2608.03434
2608.03572
2608.03815
2608.04688
2608.05598
2608.06365
2608.06491
2608.06588
2608.08072
2608.08193
2608.08276
2608.08620
2608.08665
2608.08680
2608.08877
2608.09114
2608.09293
2608.09663
2608.09877
2608.09901
2608.10219
2608.10953
2608.11304
2608.11856
2608.12076
2608.12093
2608.12565
2608.12705
2608.12950
2608.13386
2608.13403
2608.13481
2608.13887
2608.13916
2608.14115
2608.14236
2608.15007
2608.15850
2608.15991
2608.15998
2608.16726
2608.16809
2608.16880
2608.17113
2608.17397
2608.17458
2608.18054
